cd u dU zU J H d(n+1) z J H ds
0.05 0.65 0.813877 0.246104 -0.0333258 -0.000633952 0.808251 0.814403 0.817168 0.819186 0.820795 0.26462 -0.006569 -0.000554118 0.0
0.1 0.65 0.663417 0.246934 -0.032396 -0.00227934 0.652005 0.663171 0.66819 0.671852 0.674771 0.313764 -0.012717 -0.00173658 0.0
0.15 0.65 0.549509 0.247933 -0.0311008 -0.0043415 0.532098 0.547111 0.55386 0.558783 0.562708 0.379676 -0.026618 -0.00174025 0.0
0.2 0.65 0.464508 0.248899 -0.0295904 -0.00636299 0.44119 0.459121 0.46718 0.47306 0.477748 0.452951 -0.027237 0.00147742 0.0
0.25 0.65 0.400286 0.249758 -0.0279518 -0.00811626 0.371367 0.391538 0.400605 0.40722 0.412492 0.529346 -0.021734 0.00876836 0.0
0.3 0.65 0.350715 0.250498 -0.0262332 -0.00951523 0.316555 0.338486 0.348343 0.355535 0.361267 0.607716 -0.015618 0.0203323 0.0
0.35 0.65 0.311581 0.25113 -0.0244622 -0.0105421 0.272507 0.295851 0.306344 0.313999 0.3201 0.688519 -0.007312 0.0375687 0.0
0.4 0.65 0.280038 0.25167 -0.0226552 -0.011209 0.236297 0.260803 0.271818 0.279854 0.286259 0.773073 -0.002015 0.0636222 0.0
0.45 0.65 0.254139 0.252134 -0.0208225 -0.0115399 0.205894 0.231376 0.242829 0.251185 0.257845 0.863049 -0.000249 0.110275 0.0
0.5 0.65 0.232531 0.252536 -0.0189709 -0.0115626 0.179886 0.206203 0.218031 0.226661 0.233539 0.959471 -0.000002 0.230949 0.0
0.55 0.65 0.21425 0.252886 -0.0171049 -0.0113046 0.179663 0.200374 0.200349 0.207446 0.214143 1.0 -1.0 -2.10242 0.0
0.6 0.65 0.198594 0.253193 -0.0152279 -0.0107922 0.198033 0.192269 0.185136 0.191942 0.198501 1.0 -1.0 -2.10252 0.0
0.65 0.65 0.185044 0.253464 -0.0133421 -0.0100492 0.184667 0.180637 0.172327 0.178463 0.184962 1.0 -1.0 -2.0505 0.0
0.7 0.65 0.173207 0.253705 -0.0114492 -0.00909721 0.172925 0.169878 0.161406 0.166663 0.173134 1.0 -1.0 -1.94308 0.0
0.75 0.65 0.162779 0.253921 -0.00955064 -0.00795557 0.162555 0.160127 0.15192 0.156256 0.162714 1.0 -1.0 -1.77746 0.0
0.8 0.65 0.153526 0.254115 -0.00764732 -0.00664157 0.15334 0.151331 0.143548 0.147015 0.153468 1.0 -1.0 -1.55118 0.0
0.85 0.65 0.145262 0.25429 -0.00574003 -0.00517063 0.145103 0.143391 0.136072 0.138757 0.145209 1.0 -1.0 -1.26207 0.0
0.9 0.65 0.137836 0.254449 -0.0038294 -0.00355645 0.137697 0.136208 0.129337 0.131338 0.137788 1.0 -1.0 -0.908261 0.0
0.95 0.65 0.131128 0.254594 -0.00191592 -0.00181085 0.131006 0.129688 0.123234 0.124638 0.131085 1.0 -1.0 -0.488063 0.0
