cd u dU zU J H d(n+1) z J H ds
0.05 0.35 0.832683 0.414394 -0.315952 -0.00498878 0.683002 0.813156 0.827094 0.833785 0.837437 0.422355 -0.030056 -0.00455001 0.0
0.1 0.35 0.690219 0.42084 -0.356231 -0.0200098 0.420913 0.658695 0.684158 0.696375 0.703032 0.447894 -0.029078 -0.0129773 0.0
0.15 0.35 0.576339 0.428873 -0.365129 -0.0418613 0.214499 0.537055 0.571595 0.588161 0.597179 0.479952 -0.024281 -0.0127985 0.0
0.2 0.35 0.488145 0.436866 -0.357022 -0.065914 0.053761 0.442337 0.483946 0.503896 0.514749 0.513357 -0.018463 -0.0101302 0.0
0.25 0.35 0.420162 0.44408 -0.343536 -0.0886132 0.0 0.370498 0.417469 0.439985 0.452228 0.536843 -1.0 -0.0480687 0.0
0.3 0.35 0.367213 0.450329 -0.327063 -0.107947 0.0 0.313372 0.364607 0.389162 0.40251 0.55535 -1.0 -0.0408089 0.0
0.35 0.35 0.325294 0.455666 -0.308538 -0.123027 0.0 0.266006 0.320776 0.347023 0.361286 0.57503 -1.0 -0.0286068 0.0
0.4 0.35 0.291516 0.460215 -0.288497 -0.133616 0.0 0.226361 0.28409 0.311752 0.326781 0.595632 -1.0 -0.0133179 0.0
0.45 0.35 0.263837 0.46411 -0.267299 -0.139813 0.0 0.192819 0.253051 0.281912 0.297587 0.616998 -1.0 0.0033466 0.0
0.5 0.35 0.240804 0.467464 -0.245198 -0.141873 0.0 0.164119 0.226494 0.256379 0.272608 0.639011 -1.0 0.0201105 0.0
0.55 0.35 0.221374 0.470373 -0.222381 -0.140112 0.0 0.139289 0.203517 0.234288 0.250997 0.661559 -1.0 0.0360913 0.0
0.6 0.35 0.204783 0.472916 -0.198986 -0.134861 0.0 0.117583 0.183432 0.214978 0.232105 0.684517 -1.0 0.050636 0.0
0.65 0.35 0.190465 0.475154 -0.17512 -0.126438 0.0 0.098431 0.165709 0.197938 0.215436 0.707735 -1.0 0.0631121 0.0
0.7 0.35 0.177989 0.477136 -0.150865 -0.115142 0.0 0.081394 0.149943 0.182781 0.200607 0.731037 -1.0 0.0727256 0.0
0.75 0.35 0.167027 0.478903 -0.126285 -0.101246 0.0 0.066135 0.135824 0.169206 0.187326 0.754233 -1.0 0.0784438 0.0
0.8 0.35 0.157322 0.480487 -0.101432 -0.0849984 0.0 0.052392 0.123106 0.156979 0.175365 0.777133 -1.0 0.0790229 0.0
0.85 0.35 0.148673 0.481914 -0.0763464 -0.0666214 0.0 0.039957 0.1116 0.145917 0.164542 0.799557 -1.0 0.0730341 0.0
0.9 0.35 0.140918 0.483206 -0.0510618 -0.046316 0.0 0.028665 0.10115 0.13587 0.154713 0.821355 -1.0 0.0588184 0.0
0.95 0.35 0.133925 0.484382 -0.0256054 -0.0242602 0.0 0.018623 0.091648 0.126733 0.145775 0.842236 -1.0 0.0346121 0.0
0.05 0.65 0.830092 0.460276 -0.177615 -0.00171415 0.704002 0.793755 0.820555 0.836808 0.848206 0.482199 -0.025994 0.000513915 0.0
0.1 0.65 0.686034 0.467253 -0.17404 -0.00785284 0.447352 0.614957 0.664991 0.695324 0.716591 0.545442 -0.016513 0.0000857136 0.0
0.15 0.65 0.571824 0.476001 -0.169657 -0.0176955 0.229647 0.463306 0.533046 0.575318 0.604947 0.63231 -0.006884 -0.000345275 0.0
0.2 0.65 0.484003 0.484657 -0.164379 -0.0290808 0.044358 0.334243 0.420755 0.473184 0.509927 0.735121 -0.001705 0.00298885 0.0
0.25 0.65 0.416609 0.492397 -0.15808 -0.0401269 0.0 0.222384 0.323432 0.384663 0.42757 0.851019 -1.0 0.0187916 0.0
0.3 0.65 0.364238 0.499039 -0.150795 -0.0497182 0.0 0.203058 0.23566 0.304684 0.353159 0.985987 -1.0 0.114768 -0.000001
0.35 0.65 0.322816 0.504663 -0.142645 -0.05734 0.0 0.201911 0.227381 0.267607 0.311382 1.0 -1.0 -1.66679 0.0
0.4 0.65 0.289445 0.509422 -0.133767 -0.0628332 0.277718 0.255144 0.207294 0.23847 0.27987 1.0 -1.0 -1.83046 0.0
0.45 0.65 0.262092 0.513468 -0.124286 -0.0662248 0.252658 0.237231 0.192688 0.213418 0.253996 1.0 -1.0 -1.96158 0.0
0.5 0.65 0.239322 0.516933 -0.114308 -0.0676305 0.231465 0.219914 0.17995 0.192041 0.232408 1.0 -1.0 -2.05396 0.0
0.55 0.65 0.220103 0.519924 -0.103919 -0.0672032 0.213422 0.204218 0.168343 0.173823 0.214143 1.0 -1.0 -2.10242 0.0
0.6 0.65 0.203685 0.522527 -0.0931903 -0.0651058 0.197922 0.190277 0.157811 0.158246 0.198501 1.0 -1.0 -2.10252 0.0
0.65 0.65 0.189507 0.524808 -0.0821764 -0.061498 0.184481 0.177956 0.148336 0.144976 0.184962 1.0 -1.0 -2.0505 0.0
0.7 0.65 0.177147 0.526823 -0.0709227 -0.0565298 0.172724 0.167051 0.139857 0.133486 0.173134 1.0 -1.0 -1.94308 0.0
0.75 0.65 0.166283 0.528612 -0.0594655 -0.0503384 0.162361 0.157362 0.132281 0.123702 0.162714 1.0 -1.0 -1.77746 0.0
0.8 0.65 0.15666 0.530212 -0.0478344 -0.0430471 0.153159 0.148715 0.125504 0.115134 0.153468 1.0 -1.0 -1.55118 0.0
0.85 0.65 0.14808 0.53165 -0.0360539 -0.0347617 0.144938 0.14096 0.119431 0.107727 0.145209 1.0 -1.0 -1.26207 0.0
0.9 0.65 0.140384 0.53295 -0.0241439 -0.02556 0.137548 0.133971 0.113971 0.101263 0.137788 1.0 -1.0 -0.908261 0.0
0.95 0.65 0.133443 0.534129 -0.0121213 -0.0154046 0.130871 0.127644 0.109047 0.095595 0.131085 1.0 -1.0 -0.488063 0.0
0.05 0.75 0.829798 0.489544 -0.116125 -0.000769171 0.705213 0.784761 0.815328 0.834801 0.848827 0.524906 -0.020127 0.00175863 0.0
0.1 0.75 0.685511 0.496822 -0.114356 -0.00435239 0.438213 0.589846 0.648093 0.685189 0.711904 0.626851 -0.007771 0.00379859 0.0
0.15 0.75 0.571241 0.506034 -0.112142 -0.0107899 0.193525 0.411239 0.49485 0.548089 0.586423 0.779478 -0.00086 0.0066282 0.0
0.2 0.75 0.483462 0.515148 -0.109348 -0.0186525 0.190142 0.342982 0.34935 0.417871 0.467237 0.984075 -1.0 0.0529827 -0.000001
0.25 0.75 0.416143 0.523262 -0.105811 -0.0265213 0.190065 0.339804 0.328392 0.355661 0.4 1.0 -1.0 -1.27315 0.0
0.3 0.75 0.36385 0.530184 -0.101511 -0.0335087 0.349851 0.339203 0.294754 0.307627 0.350477 1.0 -1.0 -1.47801 0.0
0.35 0.75 0.322495 0.53601 -0.0965098 -0.0391836 0.31096 0.303519 0.266966 0.268622 0.311382 1.0 -1.0 -1.66679 0.0
0.4 0.75 0.289178 0.540912 -0.0909037 -0.0433945 0.279539 0.2736 0.241878 0.236807 0.27987 1.0 -1.0 -1.83046 0.0
0.45 0.75 0.26187 0.54506 -0.0847869 -0.0461397 0.253718 0.248667 0.220202 0.210746 0.253996 1.0 -1.0 -1.96158 0.0
0.5 0.75 0.239134 0.548597 -0.0782431 -0.0474916 0.232166 0.227725 0.201679 0.189126 0.232408 1.0 -1.0 -2.05396 0.0
0.55 0.75 0.219944 0.551638 -0.0713429 -0.0475551 0.213928 0.209949 0.18586 0.171086 0.214143 1.0 -1.0 -2.10242 0.0
0.6 0.75 0.203548 0.554275 -0.0641439 -0.0464456 0.198308 0.194702 0.172272 0.155911 0.198501 1.0 -1.0 -2.10252 0.0
0.65 0.75 0.189388 0.55658 -0.0566935 -0.0442777 0.184787 0.181498 0.160536 0.143197 0.184962 1.0 -1.0 -2.0505 0.0
0.7 0.75 0.177044 0.55861 -0.0490301 -0.0411598 0.172974 0.169961 0.150332 0.132102 0.173134 1.0 -1.0 -1.94308 0.0
0.75 0.75 0.166192 0.560409 -0.0411851 -0.0371904 0.162569 0.159801 0.141407 0.122761 0.162714 1.0 -1.0 -1.77746 0.0
0.8 0.75 0.15658 0.562014 -0.0331844 -0.0324554 0.153335 0.150791 0.133549 0.114605 0.153468 1.0 -1.0 -1.55118 0.0
0.85 0.75 0.148009 0.563454 -0.0250492 -0.0270212 0.145088 0.142748 0.126591 0.107468 0.145209 1.0 -1.0 -1.26207 0.0
0.9 0.75 0.14032 0.564752 -0.0167972 -0.0209084 0.137678 0.135526 0.120399 0.101327 0.137788 1.0 -1.0 -0.908261 0.0
0.95 0.75 0.133385 0.565929 -0.00844334 -0.0139013 0.130984 0.129008 0.114857 0.09592 0.131085 1.0 -1.0 -0.488063 0.0
