cd u dU zU J H d(n+1) z J H ds
0.05 0.35 0.77433 0.283818 -0.241424 -0.00635097 0.519668 0.725882 0.750186 0.763216 0.771596 0.777434 0.781667 0.299817 -0.001266 -0.000398306 0.0
0.1 0.35 0.59531 0.292417 -0.314508 -0.0275297 0.165394 0.523712 0.565944 0.588584 0.603143 0.613283 0.620634 0.341029 -0.002512 -0.000917203 0.0
0.15 0.35 0.467269 0.301735 -0.409369 -0.0580708 0.0 0.387937 0.442209 0.471304 0.490011 0.503039 0.512482 0.378514 -1.0 -0.00179404 0.0
0.2 0.35 0.378223 0.309804 -0.445765 -0.0899252 0.0 0.293006 0.355697 0.389304 0.410913 0.425959 0.436864 0.406083 -1.0 -0.00280612 0.0
0.25 0.35 0.315201 0.316311 -0.434513 -0.118212 0.0 0.217719 0.287087 0.324273 0.348181 0.364829 0.376893 0.438566 -1.0 -0.00429713 0.0
0.3 0.35 0.269135 0.321488 -0.412804 -0.140942 0.0 0.157454 0.232167 0.272217 0.297967 0.315896 0.328888 0.475383 -1.0 -0.000158641 0.0
0.35 0.35 0.234334 0.325638 -0.38753 -0.15764 0.0 0.10842 0.187482 0.229863 0.257111 0.276082 0.28983 0.515731 -1.0 0.0146213 0.0
0.4 0.35 0.207261 0.329009 -0.360472 -0.16848 0.0 0.067784 0.15045 0.194762 0.223252 0.243087 0.25746 0.558437 -1.0 0.0305778 0.0
0.45 0.35 0.185665 0.331788 -0.332337 -0.173879 0.0 0.033552 0.119254 0.165194 0.194729 0.215293 0.230192 0.602103 -1.0 0.0471929 0.0
0.5 0.35 0.16807 0.334113 -0.303488 -0.174324 0.0 0.004343 0.092636 0.139964 0.170392 0.191576 0.206926 0.645446 -1.0 0.0643577 0.0
0.55 0.35 0.153477 0.336082 -0.274132 -0.170295 0.0 0.0 0.070958 0.119417 0.150571 0.172261 0.187977 0.680111 -1.0 0.0815767 0.0
0.6 0.35 0.141187 0.337769 -0.244402 -0.162242 0.0 0.0 0.051576 0.101047 0.132851 0.154993 0.171036 0.71668 -1.0 0.100276 0.0
0.65 0.35 0.130701 0.33923 -0.214389 -0.150572 0.0 0.0 0.033939 0.084329 0.116724 0.139278 0.155619 0.755704 -1.0 0.117744 0.0
0.7 0.35 0.121652 0.340506 -0.184155 -0.135649 0.0 0.0 0.018022 0.069243 0.102172 0.125096 0.141706 0.79512 -1.0 0.134036 0.0
0.75 0.35 0.113766 0.34163 -0.153745 -0.117796 0.0 0.0 0.003803 0.055764 0.08917 0.112427 0.129277 0.83314 -1.0 0.148309 0.0
0.8 0.35 0.106835 0.342627 -0.123193 -0.0972965 0.0 0.0 0.0 0.044168 0.077984 0.101526 0.118583 0.865887 -1.0 0.1566 0.0
0.85 0.35 0.100695 0.343518 -0.0925243 -0.0743966 0.0 0.0 0.0 0.033526 0.067718 0.091522 0.108768 0.898811 -1.0 0.156992 0.0
0.9 0.35 0.0952189 0.344318 -0.0617595 -0.0492918 0.0 0.0 0.0 0.024242 0.05833 0.08237 0.099789 0.931202 -1.0 0.140632 0.0
0.95 0.35 0.0903054 0.34504 -0.030914 -0.0220224 0.0 0.0 0.0 0.021083 0.050098 0.074289 0.091859 0.960161 -1.0 0.0911171 0.0
0.05 0.75 0.771791 0.197564 -0.235462 0.000361436 0.620085 0.717049 0.756463 0.782143 0.800912 0.815505 0.827311 0.249187 -0.000669 0.011227 0.0
0.1 0.75 0.59102 0.208894 -0.236155 -0.00542815 0.277646 0.462028 0.536968 0.58579 0.621473 0.649214 0.671657 0.387202 -0.007203 0.0166988 0.0
0.15 0.75 0.463313 0.222117 -0.222208 -0.0178153 0.0 0.224538 0.332564 0.402937 0.454368 0.494353 0.5267 0.5884 -1.0 0.0185391 0.0
0.2 0.75 0.375151 0.233902 -0.208289 -0.0320101 0.0 0.110021 0.121174 0.213754 0.281477 0.334128 0.37672 0.879269 -1.0 0.0354997 -0.000008
0.25 0.75 0.312901 0.243521 -0.194816 -0.0448757 0.0 0.109689 0.11884 0.191577 0.214596 0.248533 0.289206 1.0 -1.0 -1.46613 0.0
0.3 0.75 0.267401 0.251213 -0.18163 -0.0551707 0.248588 0.24365 0.214735 0.167304 0.182589 0.21331 0.248908 1.0 -1.0 -1.76799 0.0
0.35 0.75 0.233002 0.257389 -0.168594 -0.0625999 0.21818 0.216223 0.20154 0.161138 0.154072 0.185667 0.218285 1.0 -1.0 -2.04884 0.0
0.4 0.75 0.206215 0.262407 -0.155628 -0.0672513 0.194229 0.193187 0.184184 0.152387 0.133227 0.162759 0.19428 1.0 -1.0 -2.29623 0.0
0.45 0.75 0.184827 0.266542 -0.142692 -0.0693477 0.17495 0.174294 0.168064 0.142504 0.118043 0.143441 0.174979 1.0 -1.0 -2.49975 0.0
0.5 0.75 0.167387 0.269996 -0.129762 -0.0691458 0.159118 0.158661 0.154011 0.132867 0.106438 0.12683 0.159137 1.0 -1.0 -2.65055 0.0
0.55 0.75 0.15291 0.272918 -0.116829 -0.0668968 0.145893 0.145554 0.141905 0.123963 0.094895 0.024157 0.36054 1.0 -1.0 -2.22385 -0.333101
0.6 0.75 0.14071 0.275419 -0.103888 -0.0628314 0.134685 0.134421 0.131443 0.115488 0.08053 0.0 0.4 1.0 -1.0 -2.39464 -0.429243
0.65 0.75 0.130294 0.277581 -0.090937 -0.0571561 0.125068 0.124857 0.122387 0.108504 0.075184 0.0 0.35 1.0 -1.0 -2.86908 -0.398656
0.7 0.75 0.121302 0.279468 -0.0779748 -0.0500522 0.116727 0.116555 0.114471 0.102331 0.072578 0.0 0.0 1.0 -1.0 -Infinity 0.0
0.75 0.75 0.113462 0.281128 -0.0650018 -0.0416765 0.109425 0.109282 0.107507 0.096953 0.072687 0.0 0.25 1.0 -1.0 -3.47911 -0.270016
0.8 0.75 0.106568 0.282599 -0.0520187 -0.0321588 0.10298 0.10286 0.101329 0.091922 0.06992 0.071534 0.102984 1.0 -1.0 -2.08896 0.0
0.85 0.75 0.100459 0.283911 -0.0390262 -0.0215922 0.09725 0.097149 0.095819 0.087399 0.066632 0.066651 0.097253 1.0 -1.0 -1.70693 0.0
0.9 0.75 0.0950093 0.285089 -0.0260251 -0.00998517 0.092122 0.092036 0.090876 0.083322 0.063781 0.062443 0.092125 1.0 -1.0 -1.23314 0.0
0.95 0.75 0.0901178 0.286151 -0.0130161 0.00307797 0.087507 0.087433 0.086418 0.079631 0.061295 0.058849 0.087509 1.0 -1.0 -0.66495 0.0
0.05 0.65 0.772752 0.24281 -0.237623 -0.00134077 0.592214 0.712704 0.75079 0.774432 0.791311 0.804258 0.814643 0.279994 -0.001167 0.00756744 0.0
0.1 0.65 0.592273 0.252915 -0.278737 -0.0106894 0.255155 0.475253 0.54482 0.588 0.618827 0.64247 0.661434 0.375578 -0.005636 0.0106574 0.0
0.15 0.65 0.464216 0.264289 -0.273969 -0.0269998 0.0 0.282032 0.377216 0.436296 0.478471 0.510817 0.53676 0.498504 -1.0 0.011437 0.0
0.2 0.65 0.375696 0.274253 -0.260789 -0.0449186 0.0 0.116629 0.233744 0.306433 0.358322 0.398117 0.430035 0.645997 -1.0 0.0180821 0.0
0.25 0.65 0.313215 0.28231 -0.246092 -0.0610293 0.0 0.0 0.099069 0.184533 0.24554 0.292328 0.329853 0.834937 -1.0 0.0402908 0.0
0.3 0.65 0.267581 0.28872 -0.230761 -0.0739672 0.0 0.0 0.093253 0.14604 0.171298 0.208592 0.248908 1.0 -1.0 0.232095 0.0
0.35 0.65 0.233104 0.293851 -0.215052 -0.083408 0.0 0.0 0.092964 0.142311 0.155991 0.183015 0.218285 1.0 -1.0 -2.04884 0.0
0.4 0.65 0.206271 0.298012 -0.199085 -0.0894569 0.193612 0.186035 0.151944 0.114565 0.134707 0.162105 0.19428 1.0 -1.0 -2.29623 0.0
0.45 0.65 0.184856 0.301437 -0.182929 -0.0923739 0.174697 0.170925 0.149472 0.110242 0.116621 0.144797 0.174979 1.0 -1.0 -2.49975 0.0
0.5 0.65 0.167399 0.304297 -0.16663 -0.0924602 0.158995 0.156846 0.142554 0.107401 0.101984 0.130055 0.159137 1.0 -1.0 -2.65055 0.0
0.55 0.65 0.152912 0.306716 -0.150221 -0.0900119 0.145825 0.14447 0.134367 0.10414 0.089289 0.023589 0.36054 1.0 -1.0 -2.22385 -0.333101
0.6 0.65 0.140705 0.308785 -0.133723 -0.0853029 0.134644 0.133723 0.126225 0.100316 0.077839 0.0 0.0 1.0 -1.0 -Infinity 0.0
0.65 0.65 0.130286 0.310574 -0.117154 -0.0785801 0.125041 0.124381 0.118599 0.096221 0.069995 0.0 0.0 1.0 -1.0 -Infinity 0.0
0.7 0.65 0.121292 0.312135 -0.100528 -0.0700625 0.116709 0.116216 0.11164 0.092523 0.068324 0.0 0.0 1.0 -1.0 -Infinity 0.0
0.75 0.65 0.11345 0.313509 -0.0838548 -0.0599426 0.0 0.0 0.017804 0.041003 0.061935 0.0 0.0 1.0 -1.0 -Infinity 0.0
0.8 0.65 0.106556 0.314727 -0.0671415 -0.0483871 0.102971 0.102672 0.099616 0.085091 0.063165 0.074594 0.102984 1.0 -1.0 -2.08896 0.0
0.85 0.65 0.100446 0.315813 -0.0503948 -0.0355336 0.097243 0.097004 0.09445 0.081666 0.060293 0.069264 0.097253 1.0 -1.0 -1.70693 0.0
0.9 0.65 0.0949966 0.316788 -0.0336197 -0.0214698 0.092117 0.091922 0.089767 0.078463 0.057856 0.064664 0.092125 1.0 -1.0 -1.23314 0.0
0.95 0.65 0.0901053 0.317667 -0.0168203 -0.00607556 0.087503 0.087343 0.085508 0.075477 0.055764 0.060679 0.087509 1.0 -1.0 -0.66495 0.0
