cd u dU zU J H d(n+1) z J H ds
0.05 0.35 0.77477 0.162796 -0.241718 -0.00856834 0.633757 0.75344 0.768597 0.776228 0.78063 0.783199 0.784563 0.177886 -0.000057 -0.0000178827 0.0
0.1 0.35 0.594971 0.169108 -0.320379 -0.0374717 0.361088 0.569887 0.596332 0.609644 0.617321 0.621798 0.624169 0.214682 -0.00016 -0.0000580969 0.0
0.15 0.35 0.466737 0.176093 -0.443982 -0.0788238 0.169871 0.441169 0.475531 0.492828 0.5028 0.508614 0.511689 0.253849 -0.000394 -0.00016492 0.0
0.2 0.35 0.377802 0.182195 -0.580954 -0.121486 0.033389 0.349297 0.38931 0.409451 0.421062 0.427829 0.431405 0.290164 -0.000796 -0.000376457 0.0
0.25 0.35 0.314922 0.187135 -0.594748 -0.158858 0.0 0.286713 0.330577 0.352655 0.365381 0.372797 0.376959 0.308778 -1.0 -0.000554035 0.0
0.3 0.35 0.268962 0.191074 -0.560684 -0.188349 0.0 0.238508 0.285338 0.308909 0.322495 0.330409 0.334664 0.321518 -1.0 -0.000704489 0.0
0.35 0.35 0.234232 0.194233 -0.522179 -0.209442 0.0 0.198996 0.248257 0.27305 0.287341 0.295665 0.30008 0.335 -1.0 -0.000879653 0.0
0.4 0.35 0.207204 0.196799 -0.482646 -0.222476 0.0 0.166289 0.217563 0.243369 0.258242 0.266905 0.271482 0.349202 -1.0 -0.00102674 0.0
0.45 0.35 0.185638 0.198915 -0.442745 -0.228089 0.0 0.138887 0.191847 0.218501 0.233863 0.242809 0.247532 0.364133 -1.0 0.00436909 0.0
0.5 0.35 0.168061 0.200684 -0.402676 -0.226987 0.0 0.115628 0.170019 0.197393 0.21317 0.222357 0.227205 0.379806 -1.0 0.0200949 0.0
0.55 0.35 0.15348 0.202181 -0.362519 -0.219846 0.0 0.095627 0.151248 0.179242 0.195375 0.204769 0.209726 0.396216 -1.0 0.0355502 0.0
0.6 0.35 0.141197 0.203463 -0.32231 -0.207283 0.0 0.078215 0.134908 0.163441 0.179884 0.189459 0.19451 0.413321 -1.0 0.0486255 0.0
0.65 0.35 0.130715 0.204572 -0.282069 -0.189846 0.0 0.062891 0.120526 0.149534 0.16625 0.175983 0.181118 0.431038 -1.0 0.0582759 0.0
0.7 0.35 0.12167 0.205541 -0.241805 -0.168009 0.0 0.049276 0.107749 0.137178 0.154137 0.164012 0.16922 0.449239 -1.0 0.0639013 0.0
0.75 0.35 0.113786 0.206393 -0.201525 -0.142173 0.0 0.037087 0.09631 0.126116 0.143292 0.153293 0.158568 0.467762 -1.0 0.0651566 0.0
0.8 0.35 0.106855 0.207149 -0.161234 -0.112648 0.0 0.026107 0.086006 0.116152 0.133524 0.143638 0.148973 0.486422 -1.0 0.0618305 0.0
0.85 0.35 0.100715 0.207824 -0.120934 -0.079601 0.0 0.016169 0.07668 0.107133 0.124682 0.1349 0.140288 0.505029 -1.0 0.0537548 0.0
0.9 0.35 0.095239 0.20843 -0.0806279 -0.0428131 0.0 0.007142 0.068208 0.09894 0.116651 0.126962 0.132399 0.523409 -1.0 0.0407526 0.0
0.95 0.35 0.0903252 0.208977 -0.0403161 -0.000090903 0.0 0.0 0.060622 0.091605 0.10946 0.119854 0.125336 0.540187 -1.0 0.0193555 0.0
0.05 0.65 0.738931 0.0202884 -0.221855 -0.00561713 0.711884 0.771978 0.792994 0.80658 0.775599 0.731313 0.729894 0.04698 -1.0 0.0170668 0.000007
0.1 0.65 0.554428 0.0260895 -0.336501 -0.0279084 0.476841 0.585975 0.62414 0.648806 0.666846 0.680892 0.69226 0.111366 -0.000005 0.0195798 0.0
0.15 0.65 0.434212 0.0328311 -0.484036 -0.0587383 0.295129 0.44218 0.493603 0.526836 0.551139 0.57006 0.58537 0.184749 -0.000082 0.0112739 0.0
0.2 0.65 0.353615 0.0388565 -0.474443 -0.0884848 0.153805 0.330347 0.392082 0.431978 0.461151 0.483862 0.502238 0.258088 -0.000516 0.00628155 0.0
0.25 0.65 0.296948 0.0438569 -0.427136 -0.112818 0.040563 0.240736 0.310735 0.355969 0.389044 0.414792 0.435625 0.330166 -0.001963 0.0078291 0.0
0.3 0.65 0.255336 0.0479391 -0.391156 -0.130523 0.0 0.173145 0.249376 0.298637 0.334656 0.362694 0.385379 0.384286 -1.0 0.0101031 0.0
0.35 0.65 0.223651 0.0512818 -0.358734 -0.141657 0.0 0.115297 0.196863 0.24957 0.288108 0.318106 0.342376 0.439259 -1.0 0.0299633 0.0
0.4 0.65 0.198798 0.0540457 -0.328195 -0.146704 0.0 0.058373 0.145188 0.201286 0.242303 0.27423 0.30006 0.514653 -1.0 0.0466002 0.0
0.45 0.65 0.178822 0.0563575 -0.298821 -0.146251 0.0 0.003292 0.095187 0.154566 0.197981 0.231775 0.259114 0.605651 -1.0 0.06153 0.0
0.5 0.65 0.162437 0.0583135 -0.270223 -0.140868 0.0 0.0 0.055553 0.117534 0.16285 0.198123 0.226659 0.677718 -1.0 0.0824473 0.0
0.55 0.65 0.148766 0.0599865 -0.242171 -0.131061 0.0 0.0 0.013217 0.077976 0.125323 0.162176 0.191989 0.774829 -1.0 0.115564 0.0
0.6 0.65 0.137194 0.0614317 -0.214516 -0.117264 0.0 0.0 0.0 0.043778 0.09288 0.131099 0.162018 0.863478 -1.0 0.174285 0.0
0.65 0.65 0.127276 0.0626914 -0.187159 -0.0998264 0.0 0.0 0.0 0.012674 0.0613 0.10084 0.132833 0.960333 -1.0 0.332679 -0.000001
0.7 0.65 0.118684 0.0637984 -0.16003 -0.0790056 0.0 0.0 0.0 0.012378 0.056875 0.085546 0.116733 1.0 -1.0 0.45237 0.0
0.75 0.65 0.111171 0.0647783 -0.133079 -0.0549281 0.0 0.0 0.0 0.012352 0.056026 0.080242 0.10943 1.0 -1.0 0.42375 0.0
0.8 0.65 0.104546 0.0656515 -0.10627 -0.0274971 0.0 0.0 0.0 0.012329 0.055255 0.075488 0.102984 1.0 -1.0 -2.08896 0.0
0.85 0.65 0.0986629 0.0664342 -0.079577 0.00389039 0.079948 0.033684 0.009971 0.030287 0.050298 0.071145 0.097253 1.0 -1.0 -1.70693 0.0
0.9 0.65 0.093403 0.0671397 -0.0529776 0.0413964 0.080335 0.041663 0.010692 0.026635 0.047077 0.067125 0.092125 1.0 -1.0 -1.23314 0.0
0.95 0.65 0.0886731 0.0677786 -0.0264562 0.0946504 0.079549 0.048305 0.013157 0.023154 0.04388 0.063428 0.087509 1.0 -1.0 -0.66495 0.0
