cd u dU zU J H d(n+1) z J H ds
0.05 0.35 0.841129 0.221454 -0.331568 -0.00616564 0.74913 0.835551 0.843381 0.845754 0.845618 0.230275 -0.005027 -0.00212013 0.0
0.1 0.35 0.702241 0.226745 -0.387811 -0.0260731 0.53889 0.697768 0.712164 0.716517 0.71624 0.256196 -0.007287 -0.00337271 0.0
0.15 0.35 0.588564 0.233846 -0.46819 -0.0563673 0.370449 0.587393 0.607053 0.612985 0.612584 0.287979 -0.01081 -0.00548235 0.0
0.2 0.35 0.499093 0.241292 -0.528036 -0.0905563 0.237392 0.500212 0.52403 0.531208 0.530703 0.320168 -0.015296 -0.0084091 0.0
0.25 0.35 0.429488 0.248242 -0.516004 -0.123139 0.131862 0.431069 0.458187 0.466352 0.465761 0.350478 -0.020373 -0.0119384 0.0
0.3 0.35 0.375029 0.254386 -0.487912 -0.150818 0.047128 0.375555 0.405321 0.414278 0.413617 0.378211 -0.025681 -0.0156724 0.0
0.35 0.35 0.331838 0.259699 -0.456505 -0.172091 0.0 0.331584 0.363449 0.373032 0.372313 0.397588 -1.0 -0.0187154 0.0
0.4 0.35 0.297026 0.264261 -0.423702 -0.186556 0.0 0.296722 0.330251 0.340331 0.339563 0.404934 -1.0 -0.0190794 0.0
0.45 0.35 0.268513 0.268181 -0.390075 -0.19438 0.0 0.266736 0.301698 0.312203 0.311393 0.412214 -1.0 -0.018915 0.0
0.5 0.35 0.244808 0.271566 -0.355881 -0.195986 0.0 0.240829 0.277028 0.287901 0.287054 0.419384 -1.0 -0.0180038 0.0
0.55 0.35 0.224833 0.274504 -0.321262 -0.191894 0.0 0.21833 0.255603 0.266796 0.265917 0.426426 -1.0 -0.0160035 0.0
0.6 0.35 0.207797 0.277073 -0.286311 -0.182634 0.0 0.19868 0.236892 0.248363 0.247456 0.433338 -1.0 -0.0123937 0.0
0.65 0.35 0.19311 0.279334 -0.251091 -0.168709 0.0 0.181418 0.220455 0.232171 0.231239 0.440127 -1.0 -0.00670729 0.0
0.7 0.35 0.180327 0.281335 -0.215652 -0.150575 0.0 0.166166 0.205932 0.217865 0.21691 0.446803 -1.0 0.000616075 0.0
0.75 0.35 0.169108 0.283118 -0.180029 -0.128633 0.0 0.152614 0.193026 0.205152 0.204177 0.453381 -1.0 0.00796887 0.0
0.8 0.35 0.159186 0.284715 -0.144252 -0.10322 0.0 0.140504 0.181496 0.193793 0.1928 0.459872 -1.0 0.0136391 0.0
0.85 0.35 0.15035 0.286153 -0.108344 -0.0745693 0.0 0.129628 0.171139 0.18359 0.182582 0.466289 -1.0 0.0164009 0.0
0.9 0.35 0.142435 0.287454 -0.0723223 -0.0426778 0.0 0.119811 0.161791 0.174382 0.173359 0.472643 -1.0 0.0154212 0.0
0.95 0.35 0.135304 0.288636 -0.0362036 -0.00636485 0.0 0.110909 0.153314 0.166031 0.164995 0.478943 -1.0 0.0100969 0.0
0.05 0.65 0.825763 0.0637662 -0.310006 -0.00351892 0.796767 0.845646 0.860317 0.869037 0.874933 0.081111 -0.00012 0.00532604 0.0
0.1 0.65 0.680054 0.0689998 -0.392876 -0.0162245 0.616966 0.709132 0.736782 0.7532 0.764287 0.12899 -0.00069 0.00663787 0.0
0.15 0.65 0.566631 0.0767832 -0.407047 -0.0357991 0.462627 0.591969 0.63076 0.653779 0.669309 0.19 -0.002846 -0.000643361 0.0
0.2 0.65 0.480298 0.0853067 -0.363642 -0.0572676 0.332832 0.493447 0.541608 0.570174 0.589435 0.253575 -0.007938 -0.0042985 0.0
0.25 0.65 0.414205 0.0934739 -0.334653 -0.0768267 0.224255 0.411036 0.467035 0.500239 0.522619 0.315267 -0.016922 -0.00933052 0.0
0.3 0.65 0.362767 0.100844 -0.308706 -0.0924746 0.13301 0.341784 0.404368 0.44147 0.466468 0.373699 -0.030685 -0.0108532 0.0
0.35 0.65 0.321968 0.107323 -0.284386 -0.103459 0.055616 0.283046 0.351217 0.391623 0.418841 0.428736 -0.044364 -0.0056472 0.0
0.4 0.65 0.289 0.112965 -0.261061 -0.109703 0.0 0.233883 0.306731 0.349901 0.378975 0.476302 -1.0 -0.0178795 0.0
0.45 0.65 0.261907 0.117869 -0.23837 -0.111442 0.0 0.195849 0.272315 0.317623 0.34813 0.503864 -1.0 -0.000512044 0.0
0.5 0.65 0.239303 0.122143 -0.216092 -0.109032 0.0 0.161147 0.240913 0.288171 0.319987 0.535842 -1.0 0.0183008 0.0
0.55 0.65 0.220189 0.125884 -0.194088 -0.102855 0.0 0.128957 0.211786 0.260853 0.293883 0.573017 -1.0 0.0359803 0.0
0.6 0.65 0.203836 0.129175 -0.172266 -0.0932728 0.0 0.098641 0.184353 0.235125 0.269299 0.615916 -1.0 0.0510167 0.0
0.65 0.65 0.189698 0.132087 -0.150569 -0.0806025 0.0 0.069853 0.158303 0.210693 0.245953 0.664235 -1.0 0.063071 0.0
0.7 0.65 0.177361 0.134677 -0.128956 -0.0651017 0.0 0.04263 0.13367 0.18759 0.223877 0.716299 -1.0 0.072858 0.0
0.75 0.65 0.166508 0.136993 -0.1074 -0.0469436 0.0 0.017289 0.11074 0.166085 0.203327 0.76934 -1.0 0.0807991 0.0
0.8 0.65 0.15689 0.139075 -0.0858832 -0.0261597 0.0 0.0 0.090738 0.147325 0.1854 0.815828 -1.0 0.0831658 0.0
0.85 0.65 0.14831 0.140956 -0.0643926 -0.00247231 0.0 0.0 0.074009 0.131635 0.170407 0.852513 -1.0 0.0827772 0.0
0.9 0.65 0.14061 0.142661 -0.0429191 0.0253346 0.0 0.0 0.056722 0.115422 0.154913 0.898261 -1.0 0.0746545 0.0
0.95 0.65 0.133662 0.144214 -0.0214564 0.0630362 0.0 0.0 0.040006 0.099434 0.139628 0.948469 -1.0 0.0513963 0.0
0.05 0.75 0.81357 0.0 -1.0 -0.00258236 0.81357 0.831946 0.819048 0.814075 0.813587 0.0 -1.0 -0.561277 0.0
0.1 0.75 0.663009 0.0 -1.0 -0.0126435 0.655027 0.727184 0.755806 0.718842 0.6636 0.024817 -1.0 0.0195201 0.000008
0.15 0.75 0.549116 0.0 -1.0 -0.0285867 0.505468 0.608947 0.649976 0.676492 0.689407 0.106708 -1.0 0.0152983 0.000002
0.2 0.75 0.464166 0.0 -1.0 -0.0460246 0.37425 0.50522 0.557134 0.590672 0.614923 0.193141 -0.003042 0.00749798 0.0
0.25 0.75 0.4 0.0 -1.0 -0.0614711 0.260519 0.415321 0.476669 0.516291 0.544935 0.278174 -0.011297 0.00274584 0.0
0.3 0.75 0.350477 0.0 -1.0 -0.0730709 0.161856 0.337337 0.406869 0.451768 0.484219 0.360218 -0.028974 0.00329011 0.0
0.35 0.75 0.311382 0.0 -1.0 -0.0801219 0.075598 0.269161 0.345847 0.395359 0.431137 0.439356 -0.040317 0.00785196 0.0
0.4 0.75 0.27987 0.0 -1.0 -0.0825496 0.0 0.208992 0.291993 0.345574 0.384288 0.515972 -1.0 0.00448902 0.0
0.45 0.75 0.253996 0.0 -1.0 -0.0805725 0.0 0.162997 0.250826 0.307516 0.348471 0.564618 -1.0 0.025307 0.0
0.5 0.75 0.232701 0.00423389 -0.172231 -0.0746944 0.0 0.117067 0.209716 0.269512 0.312705 0.62891 -1.0 0.0452944 0.0
0.55 0.75 0.214653 0.00866748 -0.154095 -0.0654919 0.0 0.070056 0.167639 0.230613 0.276099 0.711367 -1.0 0.0649145 0.0
0.6 0.75 0.199137 0.0125978 -0.136338 -0.0532522 0.0 0.023716 0.126164 0.192271 0.240015 0.804547 -1.0 0.0918196 0.0
0.65 0.75 0.185667 0.0160975 -0.118855 -0.0381949 0.0 0.0 0.090186 0.159011 0.208713 0.886916 -1.0 0.137469 0.0
0.7 0.75 0.17387 0.019228 -0.101572 -0.020445 0.0 0.0 0.054935 0.126322 0.177948 0.976797 -1.0 0.228886 0.0
0.75 0.75 0.163459 0.0220411 -0.0844383 0.0000201885 0.0 0.0 0.053832 0.11294 0.162714 1.0 -1.0 0.243169 0.0
0.8 0.75 0.154205 0.0245799 -0.0674161 0.0235009 0.0 0.0 0.053413 0.106575 0.153468 1.0 -1.0 0.213288 0.0
0.85 0.75 0.145929 0.0268809 -0.0504786 0.0509388 0.0 0.0 0.053052 0.100834 0.145209 1.0 -1.0 -1.26207 0.0
0.9 0.75 0.138486 0.0289747 -0.0336061 0.0851787 0.109448 0.045138 0.05522 0.09516 0.137788 1.0 -1.0 -0.908261 0.0
0.95 0.75 0.131757 0.030887 -0.0167836 0.137036 0.110072 0.050942 0.050542 0.089976 0.131085 1.0 -1.0 -0.488063 0.0
