cd u dU zU J H d(n+1) z J H ds
0.05 0.75 0.878261 0.184422 -0.413126 0.00469167 0.701806 0.8391 0.873232 0.891746 0.903808 0.21792 -0.010043 0.0188977 0.0
0.1 0.75 0.761971 0.194218 -0.417276 0.0100497 0.399299 0.675993 0.74471 0.781961 0.806225 0.300029 -0.027384 0.02939 0.0
0.15 0.75 0.655702 0.211563 -0.404135 0.00665981 0.099436 0.514383 0.617355 0.673157 0.709495 0.397881 -0.023155 0.026467 0.0
0.2 0.75 0.563049 0.234119 -0.381668 -0.00686259 0.0 0.384761 0.515201 0.585866 0.631875 0.46705 -1.0 0.0240764 0.0
0.25 0.75 0.485331 0.258412 -0.359801 -0.0268245 0.0 0.25577 0.413538 0.498987 0.554612 0.546794 -1.0 0.0269657 0.0
0.3 0.75 0.421765 0.281679 -0.340062 -0.0485697 0.0 0.105161 0.294837 0.397547 0.464399 0.673491 -1.0 0.026341 0.0
0.35 0.75 0.370331 0.302515 -0.321205 -0.0685829 0.0 0.0 0.184959 0.30364 0.380879 0.802913 -1.0 0.0360081 0.0
0.4 0.75 0.328685 0.32056 -0.302018 -0.0848939 0.0 0.0 0.07327 0.208178 0.295968 0.954455 -1.0 0.120749 0.0
0.45 0.75 0.294705 0.335983 -0.281865 -0.0967124 0.0 0.0 0.068088 0.169195 0.253996 1.0 -1.0 0.196098 0.0
0.5 0.75 0.266674 0.349138 -0.260532 -0.103951 0.0 0.0 0.06676 0.154771 0.232408 1.0 -1.0 -2.05396 0.0
0.55 0.75 0.243271 0.360398 -0.238024 -0.106877 0.193794 0.105037 0.072916 0.141505 0.214143 1.0 -1.0 -2.10242 0.0
0.6 0.75 0.223501 0.370094 -0.214436 -0.105912 0.184604 0.113961 0.065903 0.12943 0.198501 1.0 -1.0 -2.10252 0.0
0.65 0.75 0.206615 0.378504 -0.18989 -0.101523 0.175049 0.118236 0.061353 0.118248 0.184962 1.0 -1.0 -2.0505 0.0
0.7 0.75 0.192045 0.385851 -0.164509 -0.0941697 0.165822 0.119635 0.058823 0.107806 0.173134 1.0 -1.0 -1.94308 0.0
0.75 0.75 0.179358 0.392316 -0.138405 -0.0842825 0.157178 0.11923 0.057648 0.098205 0.162714 1.0 -1.0 -1.77746 0.0
0.8 0.75 0.168219 0.398043 -0.111676 -0.0722518 0.149186 0.1177 0.057296 0.089481 0.153468 1.0 -1.0 -1.55118 0.0
0.85 0.75 0.158365 0.403146 -0.084405 -0.0584254 0.141839 0.115482 0.057402 0.081696 0.145209 1.0 -1.0 -1.26207 0.0
0.9 0.75 0.14959 0.407722 -0.0566634 -0.0431035 0.135098 0.112863 0.057744 0.074893 0.137788 1.0 -1.0 -0.908261 0.0
0.95 0.75 0.141728 0.411845 -0.0285114 -0.0264894 0.128912 0.11003 0.058185 0.069004 0.131085 1.0 -1.0 -0.488063 0.0
