cd u dU zU J H d(n+1) z J H ds
0.05 0.35 0.834989 0.31752 -0.321047 -0.0055841 0.727595 0.823447 0.833648 0.837985 0.839762 0.325676 -0.018046 -0.00476736 0.0
0.1 0.35 0.693367 0.323222 -0.376299 -0.0225903 0.501621 0.67701 0.695675 0.703603 0.706836 0.350861 -0.023358 -0.0110847 0.0
0.15 0.35 0.579453 0.330456 -0.418917 -0.0474025 0.322981 0.561256 0.586614 0.597377 0.601754 0.382139 -0.031142 -0.0162304 0.0
0.2 0.35 0.490896 0.33774 -0.413728 -0.0746484 0.183512 0.470889 0.501473 0.514447 0.519713 0.414252 -0.040749 -0.0224737 0.0
0.25 0.35 0.422493 0.34436 -0.396199 -0.100212 0.073848 0.399836 0.43453 0.449241 0.455205 0.444888 -0.037902 -0.0210049 0.0
0.3 0.35 0.369167 0.350119 -0.37503 -0.121795 0.0 0.343783 0.381718 0.397801 0.404313 0.470496 -1.0 -0.0361025 0.0
0.35 0.35 0.326934 0.355047 -0.351949 -0.138421 0.0 0.300478 0.340918 0.358059 0.364993 0.481859 -1.0 -0.0363104 0.0
0.4 0.35 0.292902 0.359251 -0.327616 -0.149866 0.0 0.263991 0.306542 0.324574 0.331864 0.493515 -1.0 -0.0331056 0.0
0.45 0.35 0.265019 0.362851 -0.302385 -0.156286 0.0 0.233018 0.277361 0.296149 0.30374 0.505365 -1.0 -0.0250358 0.0
0.5 0.35 0.241821 0.36595 -0.276477 -0.158006 0.0 0.206509 0.252386 0.271822 0.279671 0.517359 -1.0 -0.0129273 0.0
0.55 0.35 0.222256 0.368637 -0.250043 -0.155412 0.0 0.183629 0.23083 0.250824 0.258896 0.529475 -1.0 0.00086691 0.0
0.6 0.35 0.205555 0.370984 -0.223191 -0.148897 0.0 0.163715 0.212068 0.232549 0.240814 0.541706 -1.0 0.0143479 0.0
0.65 0.35 0.191145 0.373048 -0.196002 -0.138835 0.0 0.146242 0.195606 0.216514 0.224948 0.554047 -1.0 0.0261383 0.0
0.7 0.35 0.178592 0.374875 -0.168537 -0.125571 0.0 0.130792 0.18105 0.202335 0.210919 0.566497 -1.0 0.0352513 0.0
0.75 0.35 0.167566 0.376502 -0.140842 -0.109418 0.0 0.117032 0.168086 0.189706 0.198424 0.579049 -1.0 0.0409285 0.0
0.8 0.35 0.157807 0.37796 -0.112955 -0.0906532 0.0 0.104694 0.156462 0.178384 0.187222 0.591694 -1.0 0.0425521 0.0
0.85 0.35 0.14911 0.379272 -0.084906 -0.0695221 0.0 0.093563 0.145975 0.168169 0.177115 0.604414 -1.0 0.039593 0.0
0.9 0.35 0.141314 0.38046 -0.056718 -0.0462226 0.0 0.083466 0.136462 0.158902 0.167946 0.617189 -1.0 0.0315857 0.0
0.95 0.35 0.134286 0.38154 -0.0284107 -0.0208174 0.0 0.074259 0.127788 0.150453 0.159587 0.629989 -1.0 0.0181937 0.0
0.05 0.75 0.830002 0.184011 -0.211772 -0.00143865 0.776306 0.825427 0.845508 0.858709 0.868415 0.209756 -0.004802 0.00297408 0.0
0.1 0.75 0.685764 0.190938 -0.203694 -0.00748888 0.576245 0.669329 0.707368 0.732361 0.750732 0.281653 -0.013864 0.00487147 0.0
0.15 0.75 0.571719 0.200658 -0.193388 -0.0176395 0.40036 0.532111 0.585936 0.621291 0.647271 0.377375 -0.039408 0.0035008 0.0
0.2 0.75 0.484167 0.210972 -0.182441 -0.0293425 0.246858 0.412363 0.479965 0.524359 0.556975 0.484891 -0.02943 0.00301534 0.0
0.25 0.75 0.416975 0.220625 -0.171405 -0.0404087 0.111732 0.306955 0.386684 0.439034 0.477489 0.600395 -0.010782 0.00681815 0.0
0.3 0.75 0.364718 0.22917 -0.160376 -0.049622 0.0 0.212539 0.30313 0.362606 0.40629 0.7236 -1.0 0.0188678 0.0
0.35 0.75 0.323341 0.236563 -0.149333 -0.0564881 0.0 0.125177 0.225819 0.291887 0.340408 0.85914 -1.0 0.0524182 0.0
0.4 0.75 0.289976 0.242918 -0.138242 -0.0609127 0.0 0.117101 0.174549 0.227616 0.27987 1.0 -1.0 0.209154 0.0
0.45 0.75 0.262606 0.248383 -0.127082 -0.0629928 0.0 0.116656 0.168497 0.206666 0.253996 1.0 -1.0 -1.96158 0.0
0.5 0.75 0.239808 0.253103 -0.115845 -0.0629053 0.224777 0.176282 0.145889 0.18811 0.232408 1.0 -1.0 -2.05396 0.0
0.55 0.75 0.220557 0.257205 -0.10453 -0.0608514 0.209632 0.174885 0.133923 0.171468 0.214143 1.0 -1.0 -2.10242 0.0
0.6 0.75 0.204106 0.260792 -0.0931396 -0.0570307 0.195568 0.169716 0.125562 0.156635 0.198501 1.0 -1.0 -2.10252 0.0
0.65 0.75 0.189896 0.263948 -0.0816799 -0.0516284 0.182918 0.162989 0.11936 0.143384 0.184962 1.0 -1.0 -2.0505 0.0
0.7 0.75 0.177507 0.266744 -0.0701567 -0.0448106 0.171631 0.155787 0.114298 0.13165 0.173134 1.0 -1.0 -1.94308 0.0
0.75 0.75 0.166614 0.269235 -0.0585763 -0.0367197 0.161565 0.14864 0.109861 0.121332 0.162714 1.0 -1.0 -1.77746 0.0
0.8 0.75 0.156966 0.271466 -0.0469443 -0.0274686 0.152561 0.141799 0.105825 0.112307 0.153468 1.0 -1.0 -1.55118 0.0
0.85 0.75 0.148363 0.273474 -0.0352662 -0.0171199 0.144477 0.13537 0.102099 0.104406 0.145209 1.0 -1.0 -1.26207 0.0
0.9 0.75 0.140646 0.275292 -0.0235466 -0.00560283 0.137186 0.129382 0.098643 0.097494 0.137788 1.0 -1.0 -0.908261 0.0
0.95 0.75 0.133686 0.276943 -0.01179 0.007858 0.130583 0.123828 0.095432 0.091472 0.131085 1.0 -1.0 -0.488063 0.0
0.05 0.65 0.832106 0.248086 -0.267773 -0.0024382 0.761418 0.821131 0.839933 0.851508 0.859657 0.266378 -0.01084 0.000910303 0.0
0.1 0.65 0.688806 0.254464 -0.258626 -0.0110359 0.554896 0.666328 0.701404 0.722986 0.738174 0.318134 -0.020195 -0.000574907 0.0
0.15 0.65 0.574657 0.262974 -0.247265 -0.0245148 0.381502 0.536371 0.585111 0.61509 0.636177 0.385273 -0.039103 -0.00469151 0.0
0.2 0.65 0.486603 0.271771 -0.234849 -0.0397211 0.237454 0.428417 0.488506 0.525458 0.551444 0.458 -0.037062 -0.00658768 0.0
0.25 0.65 0.418891 0.279885 -0.221848 -0.0540666 0.117208 0.338304 0.407869 0.45064 0.480711 0.53215 -0.020309 -0.00378509 0.0
0.3 0.65 0.366206 0.287 -0.20843 -0.0661095 0.015487 0.262076 0.339656 0.387348 0.420875 0.60657 -0.009582 0.00210962 0.0
0.35 0.65 0.324505 0.29312 -0.194671 -0.075253 0.0 0.199469 0.283631 0.335365 0.371728 0.669866 -1.0 0.0150185 0.0
0.4 0.65 0.290897 0.298359 -0.180622 -0.0813739 0.0 0.142355 0.232523 0.287943 0.326894 0.744038 -1.0 0.0364706 0.0
0.45 0.65 0.263347 0.302851 -0.166323 -0.0845805 0.0 0.089379 0.185117 0.243957 0.285308 0.82895 -1.0 0.0693862 0.0
0.5 0.65 0.240413 0.306725 -0.151812 -0.0850807 0.0 0.041562 0.142126 0.204067 0.247593 0.916421 -1.0 0.137331 0.0
0.55 0.65 0.221058 0.310085 -0.13712 -0.083115 0.0 0.040247 0.119702 0.168783 0.214149 0.999967 -1.0 0.283001 0.0
0.6 0.65 0.204525 0.313021 -0.122273 -0.0789245 0.0 0.04015 0.117218 0.156651 0.198501 1.0 -1.0 -2.10252 0.0
0.65 0.65 0.190252 0.315604 -0.107295 -0.0727362 0.171762 0.118792 0.106742 0.145742 0.184962 1.0 -1.0 -2.0505 0.0
0.7 0.65 0.177812 0.31789 -0.092203 -0.064757 0.164186 0.121268 0.098426 0.13566 0.173134 1.0 -1.0 -1.94308 0.0
0.75 0.65 0.166878 0.319925 -0.0770139 -0.0551706 0.1564 0.121525 0.09179 0.126408 0.162714 1.0 -1.0 -1.77746 0.0
0.8 0.65 0.157197 0.321749 -0.0617405 -0.0441352 0.148864 0.120331 0.086762 0.117917 0.153468 1.0 -1.0 -1.55118 0.0
0.85 0.65 0.148566 0.32339 -0.0463939 -0.0317747 0.14176 0.118221 0.083 0.11013 0.145209 1.0 -1.0 -1.26207 0.0
0.9 0.65 0.140826 0.324875 -0.0309832 -0.0181423 0.135144 0.115553 0.080145 0.103014 0.137788 1.0 -1.0 -0.908261 0.0
0.95 0.65 0.133846 0.326224 -0.0155164 -0.00295528 0.129018 0.112567 0.077907 0.096551 0.131085 1.0 -1.0 -0.488063 0.0
